10,130
10,76
10,238
10,250
10,12
10,218
10,2
10,3
9,7
9,4
9,6
8,8
8,9
8,17
8,6
8,13
8,2
8,3
20,3
20,2
20,1
19,2
19,1
12,3
12,2
19,3
12,1
11,30
11,29
11,27
11,26
11,25
11,24
11,23
11,22
11,21
11,20
11,19
11,18
11,17
11,16
11,15
11,14
11,13
11,12
11,11
11,10
11,9
11,8
11,7
11,6
11,5
11,4
11,3
11,2
11,1
10,314
10,309
10,308
10,295
10,290
10,287
10,282
10,272
10,271
10,269
10,267
10,263
10,262
10,259
10,245
10,242
10,241
10,230
10,229
10,227
10,224
10,222
10,217
10,214
10,212
10,211
10,208
10,201
10,199
10,198
10,192
10,191
10,188
10,184
10,181
10,179
10,176
18,1
10,174
10,173
10,172
10,169
10,168
10,167
10,164
10,162
10,161
18,3
14,1
10,158
10,154
10,149
10,147
14,3
13,1
10,145
10,144
13,3
10,143
10,139
10,135
10,132
